Date Time,Pulse Start,Pulse End,Pulse Duration,Distance,Delta From Last
1544189127.3132484,1544189127.3105197,1544189127.3119404,0.001420736312866211,24.37
1544189127.4168878,1544189127.4142356,1544189127.4155877,0.001352071762084961,23.19
1544189127.52053,1544189127.5177944,1544189127.5192125,0.0014181137084960938,24.32
1544189127.624173,1544189127.6214511,1544189127.6228607,0.0014095306396484375,24.17
1544189127.7277896,1544189127.725094,1544189127.7264748,0.0013806819915771484,23.68
1544189127.83145,1544189127.8286998,1544189127.8301303,0.001430511474609375,24.53
1544189127.9350863,1544189127.9323661,1544189127.9337747,0.0014085769653320312,24.16
1544189128.0387294,1544189128.0359743,1544189128.0374236,0.0014493465423583984,24.86
1544189128.1423664,1544189128.1396482,1544189128.1410584,0.0014102458953857422,24.19
1544189128.2460628,1544189128.2432928,1544189128.2446725,0.0013797283172607422,23.66
1544189128.3497608,1544189128.3469605,1544189128.3483896,0.0014290809631347656,24.51
1544189128.4534967,1544189128.4508588,1544189128.4522352,0.0013763904571533203,23.61
1544189128.5572548,1544189128.5544157,1544189128.5557897,0.0013740062713623047,23.56
1544189128.660982,1544189128.6582248,1544189128.6596575,0.001432657241821289,24.57
1544189128.764586,1544189128.7618818,1544189128.7632968,0.0014150142669677734,24.27
1544189128.8696656,1544189128.866756,1544189128.8682578,0.0015017986297607422,25.76
1544189128.9756534,1544189128.970612,1544189128.9742637,0.0036516189575195312,62.63
1544189129.081639,1544189129.0766394,1544189129.0803077,0.0036683082580566406,62.91
1544189129.1876526,1544189129.182583,1544189129.1863031,0.0037200450897216797,63.8
1544189129.2936566,1544189129.2886195,1544189129.2923043,0.0036847591400146484,63.19
1544189129.3974137,1544189129.394637,1544189129.396057,0.0014197826385498047,24.35
1544189129.501122,1544189129.498366,1544189129.4997962,0.0014300346374511719,24.53
1544189129.604765,1544189129.6020894,1544189129.6034272,0.0013377666473388672,22.94
1544189129.7194726,1544189129.7168632,1544189129.7181547,0.001291513442993164,22.15
1544189129.823097,1544189129.8204331,1544189129.8217828,0.0013496875762939453,23.15
1544189129.9268749,1544189129.9241576,1544189129.925498,0.0013403892517089844,22.99
1544189130.0304513,1544189130.0277953,1544189130.0291593,0.001363992691040039,23.39
1544189130.1360397,1544189130.1313963,1544189130.1347046,0.0033082962036132812,56.74
1544189130.2419384,1544189130.2369792,1544189130.240649,0.00366973876953125,62.94
1544189130.3481617,1544189130.3428564,1544189130.3465655,0.003709077835083008,63.61
1544189130.451776,1544189130.44907,1544189130.4504795,0.0014095306396484375,24.17
1544189130.5576625,1544189130.5527077,1544189130.5563567,0.003648996353149414,62.58
1544189130.6611254,1544189130.658562,1544189130.659858,0.0012960433959960938,22.23
1544189130.7646341,1544189130.7620244,1544189130.763347,0.0013225078582763672,22.68
1544189130.8682218,1544189130.8655517,1544189130.8668973,0.0013456344604492188,23.08
1544189130.971725,1544189130.9691365,1544189130.970453,0.0013165473937988281,22.58
1544189131.075219,1544189131.0726247,1544189131.073949,0.0013244152069091797,22.71
1544189131.178746,1544189131.1761844,1544189131.1774404,0.0012559890747070312,21.54
1544189131.288176,1544189131.2796896,1544189131.2868135,0.0071239471435546875,122.18
1544189131.3916624,1544189131.3891482,1544189131.3903522,0.0012040138244628906,20.65
1544189131.4953167,1544189131.4925785,1544189131.4940257,0.0014472007751464844,24.82
1544189131.6010668,1544189131.5966825,1544189131.5997436,0.003061056137084961,52.5
1544189131.706423,1544189131.70198,1544189131.7050328,0.0030527114868164062,52.35
1544189131.8088546,1544189131.8073342,1544189131.8075583,0.00022411346435546875,3.84
1544189131.9115255,1544189131.9099684,1544189131.910228,0.00025963783264160156,4.45
1544189132.0139654,1544189132.012449,1544189132.0126553,0.00020623207092285156,3.54
1544189132.1192043,1544189132.1148841,1544189132.1179154,0.0030312538146972656,51.99
1544189132.2246737,1544189132.2201247,1544189132.2233443,0.0032196044921875,55.22
1544189132.3273695,1544189132.3256335,1544189132.3259351,0.00030159950256347656,5.17
1544189132.433362,1544189132.4283016,1544189132.4319935,0.0036919116973876953,63.32
1544189132.5387182,1544189132.534322,1544189132.5374017,0.003079652786254883,52.82
1544189132.6440203,1544189132.6396604,1544189132.642697,0.0030367374420166016,52.08
1544189132.7493494,1544189132.744951,1544189132.7480638,0.00311279296875,53.38
1544189132.8546567,1544189132.8502765,1544189132.8533266,0.003050088882446289,52.31
1544189132.959977,1544189132.9555905,1544189132.9586549,0.003064393997192383,52.55
1544189133.066064,1544189133.0609202,1544189133.0646276,0.003707408905029297,63.58
1544189133.171356,1544189133.167001,1544189133.1700382,0.0030372142791748047,52.09
1544189133.2768006,1544189133.2723167,1544189133.2753808,0.0030641555786132812,52.55
1544189133.3822765,1544189133.37776,1544189133.3809476,0.0031876564025878906,54.67
1544189133.487749,1544189133.4832218,1544189133.486404,0.0031821727752685547,54.57
1544189133.5942955,1544189133.5888205,1544189133.5924568,0.0036363601684570312,62.36
1544189133.6979089,1544189133.6952724,1544189133.696605,0.0013325214385986328,22.85
1544189133.8016233,1544189133.7988408,1544189133.800284,0.0014431476593017578,24.75
1544189133.9053543,1544189133.9026752,1544189133.9040234,0.001348257064819336,23.12
1544189134.011383,1544189134.0062773,1544189134.0098903,0.003612995147705078,61.96
